


Rop = 10*1e-3 *3 * 1e8 *2.82*1e-15*0.33/(pi*6.6261*1e-34*3.8956*1e14*50.2655*1e-6*92.4*1e9)





